1 0.15703125 0.046875 0.009895833333333333 0.027573529411764705
0 0.36614583333333334 0.05652573529411765 0.020833333333333332 0.013786764705882353
0 0.015364583333333333 0.38924632352941174 0.030729166666666665 0.11121323529411764
1 0.055989583333333336 0.3134191176470588 0.0078125 0.016544117647058824
1 0.0671875 0.31847426470588236 0.008333333333333333 0.021139705882352942
1 0.09453125 0.3115808823529412 0.021354166666666667 0.029411764705882353
1 0.10052083333333334 0.3088235294117647 0.06041666666666667 0.13970588235294118
0 0.0640625 0.38786764705882354 0.007291666666666667 0.025735294117647058
1 0.00703125 0.6433823529411765 0.0109375 0.01838235294117647
1 0.07760416666666667 0.5358455882352942 0.008333333333333333 0.014705882352941176
0 0.16328125 0.7518382352941176 0.008854166666666666 0.02022058823529412
1 0.23776041666666667 0.6801470588235294 0.008854166666666666 0.014705882352941176
1 0.21666666666666667 0.5629595588235294 0.007291666666666667 0.019301470588235295
1 0.1984375 0.4834558823529412 0.020833333333333332 0.03676470588235294
1 0.26953125 0.4655330882352941 0.011979166666666667 0.011948529411764705
1 0.3140625 0.5073529411764706 0.007291666666666667 0.02022058823529412
1 0.3424479166666667 0.4296875 0.015104166666666667 0.02297794117647059
1 0.2994791666666667 0.24586397058823528 0.010416666666666666 0.02297794117647059
1 0.2635416666666667 0.21875 0.013541666666666667 0.027573529411764705
1 0.209375 0.21875 0.020833333333333332 0.02389705882352941
0 0.17786458333333333 0.22886029411764705 0.0140625 0.012867647058823529
1 0.14817708333333332 0.21415441176470587 0.0359375 0.04595588235294118
1 0.3880208333333333 0.17555147058823528 0.010416666666666666 0.016544117647058824
0 0.4278645833333333 0.14384191176470587 0.0067708333333333336 0.019301470588235295
1 0.4153645833333333 0.33455882352941174 0.022395833333333334 0.03125
0 0.5059895833333333 0.49494485294117646 0.03177083333333333 0.04871323529411765
1 0.4046875 0.6714154411764706 0.071875 0.06341911764705882
1 0.5622395833333333 0.15395220588235295 0.11927083333333334 0.23069852941176472
1 0.603125 0.18244485294117646 0.008333333333333333 0.05238970588235294
1 0.61796875 0.15211397058823528 0.019270833333333334 0.024816176470588234
1 0.6169270833333333 0.17325367647058823 0.008854166666666666 0.013786764705882353
0 0.5377604166666666 0.11075367647058823 0.03177083333333333 0.06158088235294118
1 0.790625 0.40119485294117646 0.0125 0.02297794117647059
1 0.7885416666666667 0.15441176470588236 0.013541666666666667 0.01838235294117647
1 0.9296875 0.27068014705882354 0.010416666666666666 0.019301470588235295
0 0.9236979166666667 0.0546875 0.015104166666666667 0.011948529411764705
1 0.8841145833333334 0.3492647058823529 0.0109375 0.02022058823529412
1 0.8065104166666667 0.7132352941176471 0.028645833333333332 0.04963235294117647
1 0.9721354166666667 0.8111213235294118 0.05572916666666667 0.011948529411764705
1 0.7674479166666667 0.8488051470588235 0.009895833333333333 0.013786764705882353
1 0.53046875 0.2780330882352941 0.009895833333333333 0.019301470588235295
1 0.20052083333333334 0.02022058823529412 0.0125 0.03676470588235294
1 0.3046875 0.015625 0.013541666666666667 0.03125
1 0.9546875 0.12362132352941177 0.090625 0.15900735294117646
1 0.54140625 0.38327205882352944 0.0609375 0.19669117647058823
1 0.303125 0.6792279411764706 0.16145833333333334 0.24816176470588236
1 0.91875 0.5193014705882353 0.13645833333333332 0.18198529411764705
1 0.6721354166666667 0.3170955882352941 0.06614583333333333 0.14154411764705882
1 0.4703125 0.5556066176470589 0.225 0.35202205882352944
1 0.3723958333333333 0.6098345588235294 0.0125 0.04136029411764706
1 0.9575520833333333 0.9379595588235294 0.0796875 0.12224264705882353
1 0.9122395833333333 0.8474264705882353 0.09739583333333333 0.11580882352941177
1 0.47213541666666664 0.31112132352941174 0.0609375 0.08915441176470588
1 0.46015625 0.2977941176470588 0.0734375 0.08272058823529412
1 0.11848958333333333 0.24862132352941177 0.0078125 0.024816176470588234
1 0.11588541666666667 0.2890625 0.008854166666666666 0.017463235294117647
1 0.9395833333333333 0.45955882352941174 0.004166666666666667 0.042279411764705885
